1.4622656104001046
1.620644572084251
0.9150134873826299
1.4071814876220996
1.4775672011847027
1.5061114968693108
0.7889911081020282
-0.041475805919449375
1.5006673100829824
1.5127979429218035
-0.002149479509461623
0.017173908933494818
1.6732779237498907
2.002412923149996
-0.5547821046647274
-0.20357760057503738
1.637561579679306
-0.010267699913480212
-0.10517272411593981
0.1860283810236684
1.9780661276739808
-0.17804538687307678
0.46688559073316727
-0.20179278599937706
1.5630189928407094
-0.2725287066878404
0.0970881364134413
0.1948657472382586
1.9657468999311576
-1.4659222712641828
-1.0577785855293524
-0.6339659008404142
-0.010737831173580327
-1.6052564450264601
-0.8014029908355076
0.015952180923575986
-1.1801098906472653
-1.4354875906265143
-0.6963552247435207
-1.5076931862916694
